x=[-16:1:16]